-2.41139088 4.51553569 -2.97623106
-0.47172969 4.48522375 -4.50492142
-3.43938486 4.548586 -2.08499536
-2.68962659 4.51783284 -2.20520393
-2.67056475 4.51749943 -2.23528503
-3.6631411 4.6571121 -2.08396751
-2.54433998 4.51526361 -2.25945027
-2.40958011 4.00826793 -4.06197912
-2.58423295 4.51514179 -2.25659967
-0.15186288 3.91705095 -2.89206668
-3.13381589 4.52588789 -2.43159228
-4.37938398 3.84446595 -3.88554455
-3.51156194 4.55194282 -3.74705613
-0.23689496 3.3576285 -2.52594196
-3.48099551 3.4491918 -1.93443169
-2.59366521 4.52827158 -2.24603394
-4.14696415 4.55779578 -1.92067281
-4.14681705 4.55803685 -1.92056034
0.96041827 3.47328776 -2.84183073
-2.59366521 4.52827158 -2.24603394
-2.59366521 4.52827158 -2.24603394