15.3619634 5.22580814 12.8994887
15.48893095 5.21390121 13.34569949
14.85680062 5.19812129 12.07319892
14.85680062 5.19812129 12.07319892
14.85683005 5.19813282 12.07317757
16.01303433 5.21234714 15.40063669
15.37432046 5.21987342 13.44863922
14.85685417 5.19813917 12.0731912
14.85680062 5.19812129 12.07319892
14.85660049 5.198125 12.0730328
14.85685077 5.19814895 12.073198
15.86531463 4.84595919 13.57715161
17.6514258 5.1952962 15.88178908
14.85683005 5.19813282 12.07317757
14.85683005 5.19813282 12.07317757
14.85685077 5.19814895 12.073198 
17.00398931 4.57000729 14.91074212
15.27094781 5.21728933 13.57418683
14.85680062 5.19812129 12.07319892
14.85683005 5.19813282 12.07317757
14.85660049 5.198125 12.0730328