57.26569044 13.52620023 68.24804631
57.08561302 13.50589082 67.88477672
57.66548298 13.52114075 68.27485741
57.69077633 13.51886748 68.35889597
57.6654706 13.52112516 68.27484301
57.66548298 13.52114075 68.27485741
57.10230064 13.52725459 67.81120079
57.16290328 13.53175782 67.85683611
57.6654706 13.52112516 68.27484301
55.28388531 13.31507937 66.9838701
57.69076825 13.51883589 68.3589266
55.46103249 13.53665248 66.40058512
57.6907822 13.51886065 68.35892227
57.66588375 13.52118974 68.27562886
55.34059006 13.54499077 66.29466813
57.6654706 13.52112516 68.27484301
57.66548298 13.52114075 68.27485741
57.69077633 13.51886748 68.35889597
57.67604228 13.52471745 68.11103857
55.62239069 13.53850037 66.54915484
57.69077127 13.518832 68.35891847
