23.71142471 4.81985216 15.32517855
24.90398776 5.048304 16.76444826
22.85956641 4.84297675 14.0481439
22.86333729 4.84346691 14.05368938
22.86309679 4.8433792 14.0519413
20.82315477 4.93596309 9.8730731
20.86067118 4.82766294 11.45017886
22.85902128 4.84951072 14.09017222
20.67837324 4.82823022 11.22155407
24.02107704 4.85145758 15.5721597
21.09591021 4.8308117 11.76883948
22.85956632 4.84297674 14.04814402
22.96365027 4.84519649 14.04481197
21.54052496 4.75628535 14.02448573
21.63072525 4.83167547 12.44692615
22.86308499 4.84345138 14.05191871
22.86333729 4.84346691 14.05368938
24.86611542 4.50629887 15.79980298
22.92645797 4.85165742 14.14379327
22.86068381 4.84632427 14.06254787
22.8633373 4.84346691 14.05368938
