11.72357698 4.90765869 -0.39402142
11.05836778 5.08321769 -1.76773415
12.45200039 4.93730728 0.34526516
13.03164332 4.93292744 1.12382269
11.12313778 5.07245992 -1.66057005
11.05842597 5.0832488 -1.76760817
12.78036395 4.98304568 0.08376979
11.64977825 4.94287128 -0.69793562
12.08736988 4.94049779 -0.11853959
11.19356498 4.94530741 -1.28495985
11.76745771 4.75378477 0.06735918
11.0583678 5.08321769 -1.76773416
11.3780648 4.91108592 -1.85304095
11.82123123 5.011231 -0.6934343
11.92343412 4.9499488 -0.84
11.86139482 4.8982412 -0.15
12.08123042 4.9383341 -0.03
12.17193019 4.9652312 -0.84
11.98128381 4.993412 -0.78
